0.00000000, 0.00000000, 0.00000000, 0.00000000, 0.00000000, 0.00000000, 0.00000000, 0.00000000, 0.00000000, 0.00000000, 0.00000000, 0.00000000, 0.00000000, 0.00000000, 0.00000000, 0.00000000, 0.00000000, 0.00000000, 0.00000000, 0.00000000, 0.00000000, 0.00000000, 0.00000000, 0.00000000, 0.00000000, 0.00000000, 0.00000000, 0.00000000, 0.00000000, 0.00000000, 0.00000000, 0.00000000, 0.00000000, 0.00000000, 0.00000000, 0.00000000, 0.00000000, 0.00000000, 0.00000000, 0.00000000, 0.00000000, 0.00000000, 0.00000000, 0.00000000, 0.00000000, 0.00000000, 0.00000000, 0.00000000, 0.00000000, 0.00000000, 0.00000000, 0.00000000, 0.00000000, 0.00000000, 0.00000000, 0.00000000, 0.00000000, 0.00000000, 0.00000000, 0.00000000, 0.00000000, 0.00000000, 0.00000000, 0.00000000, 0.00000000, 0.00000000, 0.00000000, 0.00000000, 0.00000000, 0.00000000, 0.00000000, 0.00000000, 0.00000000, 0.00000000, 0.00000000, 0.00000000, 0.00000000, 0.00000000, 0.00000000, 0.00000000, 0.00000000, 0.00000000, 0.00000000, 0.00000000, 0.00000000, 0.00000000, 0.00000000, 0.00000000
0.00000000, 0.00000000, 0.46568499, 0.34691910, 0.01428697, 0.02725918, 0.07213603, 0.01674117, 0.00131475, 0.00043825, 0.00087650, 0.00227890, 0.00026295, 0.00315540, 0.00026295, 0.00008765, 0.00061355, 0.03120344, 0.00315540, 0.00026295, 0.00727496, 0.00008765, 0.00052590, 0.00000000, 0.00306775, 0.00000000, 0.00508371, 0.00166535, 0.00000000, 0.00131475, 0.00096415, 0.02331493, 0.00026295, 0.04811991, 0.00692436, 0.00017530, 0.00262950, 0.01761767, 0.02401613, 0.00411955, 0.01270926, 0.00000000, 0.00026295, 0.00026295, 0.00333070, 0.49162942, 0.34726970, 0.01498817, 0.02988868, 0.08835130, 0.03690069, 0.00262950, 0.00096415, 0.00017530, 0.00350600, 0.00078885, 0.00902796, 0.00043825, 0.00000000, 0.00017530, 0.02568148, 0.00227890, 0.00017530, 0.00490841, 0.00017530, 0.00008765, 0.00000000, 0.00350600, 0.00000000, 0.01095626, 0.00087650, 0.00061355, 0.00035060, 0.00052590, 0.02191253, 0.00087650, 0.06030327, 0.01148216, 0.00008765, 0.00666141, 0.02059777, 0.02611973, 0.00385660, 0.01665352, 0.00000000, 0.00000000, 0.00052590, 0.00227890
0.00000000, 0.46568499, 0.00000000, 0.07047068, 0.00385660, 0.00920326, 0.03532299, 0.00411955, 0.00000000, 0.00000000, 0.00008765, 0.00061355, 0.00000000, 0.00070120, 0.00000000, 0.00000000, 0.00000000, 0.00429485, 0.00000000, 0.00000000, 0.00035060, 0.00000000, 0.00000000, 0.00000000, 0.00061355, 0.00000000, 0.00122710, 0.00043825, 0.00000000, 0.00017530, 0.00000000, 0.00631081, 0.00000000, 0.01314752, 0.00052590, 0.00000000, 0.00008765, 0.00192830, 0.00403190, 0.00096415, 0.00324305, 0.00000000, 0.00000000, 0.00026295, 0.00070120, 0.89394338, 0.00306775, 0.00131475, 0.00447016, 0.02822333, 0.00972916, 0.00096415, 0.00000000, 0.00000000, 0.00000000, 0.00000000, 0.00017530, 0.00000000, 0.00000000, 0.00000000, 0.00035060, 0.00000000, 0.00000000, 0.00000000, 0.00000000, 0.00000000, 0.00000000, 0.00008765, 0.00000000, 0.00061355, 0.00000000, 0.00000000, 0.00000000, 0.00000000, 0.00087650, 0.00000000, 0.00315540, 0.00008765, 0.00000000, 0.00017530, 0.00087650, 0.00026295, 0.00008765, 0.00026295, 0.00000000, 0.00000000, 0.00000000, 0.00017530
0.00000000, 0.34691910, 0.07047068, 0.00000000, 0.34034534, 0.17179420, 0.07835919, 0.19344377, 0.02778508, 0.00587256, 0.01428697, 0.01332282, 0.00184065, 0.09045490, 0.00184065, 0.00087650, 0.00552196, 0.14137961, 0.01490052, 0.00140240, 0.03602419, 0.00411955, 0.00376895, 0.00035060, 0.02690858, 0.00000000, 0.06310807, 0.03470944, 0.00210360, 0.02427908, 0.00262950, 0.13445525, 0.00280480, 0.39661671, 0.04119555, 0.00000000, 0.04741870, 0.34560435, 0.14146726, 0.02892453, 0.06836708, 0.00026295, 0.00823911, 0.00306775, 0.01902007, 0.00447016, 0.02182488, 0.00122710, 0.00210360, 0.00254185, 0.00087650, 0.00000000, 0.00008765, 0.00473311, 0.00008765, 0.00306775, 0.00473311, 0.00000000, 0.00000000, 0.00008765, 0.00149005, 0.00000000, 0.00078885, 0.00017530, 0.00000000, 0.00000000, 0.00000000, 0.00008765, 0.00008765, 0.00403190, 0.00113945, 0.00000000, 0.00035060, 0.00000000, 0.00131475, 0.00350600, 0.00604786, 0.01349812, 0.00035060, 0.00394425, 0.02296433, 0.00394425, 0.00035060, 0.00052590, 0.00000000, 0.00000000, 0.00008765, 0.00017530
0.00000000, 0.01428697, 0.00385660, 0.34034534, 0.00000000, 0.11078973, 0.08624770, 0.01218336, 0.00096415, 0.04373740, 0.01446227, 0.00122710, 0.00499606, 0.01910772, 0.00008765, 0.00000000, 0.00000000, 0.01025506, 0.00052590, 0.00061355, 0.00070120, 0.07792094, 0.00008765, 0.17959506, 0.00184065, 0.00000000, 0.01183276, 0.01279691, 0.01174511, 0.03120344, 0.00008765, 0.01104391, 0.00166535, 0.05250241, 0.00298010, 0.07257428, 0.04794461, 0.09878166, 0.01297221, 0.00210360, 0.00543431, 0.01034271, 0.00043825, 0.00000000, 0.00525901, 0.00096415, 0.00298010, 0.00096415, 0.00105180, 0.00000000, 0.00008765, 0.00000000, 0.00008765, 0.00140240, 0.00000000, 0.00219125, 0.00184065, 0.00000000, 0.00000000, 0.00000000, 0.00000000, 0.00000000, 0.00026295, 0.00000000, 0.00061355, 0.00000000, 0.00543431, 0.00000000, 0.00000000, 0.00061355, 0.00052590, 0.00017530, 0.00026295, 0.00000000, 0.00008765, 0.00026295, 0.00096415, 0.00096415, 0.00157770, 0.00701201, 0.01376107, 0.00008765, 0.00000000, 0.00000000, 0.00096415, 0.00000000, 0.00008765, 0.00000000
0.00000000, 0.02725918, 0.00920326, 0.17179420, 0.11078973, 0.00000000, 0.33420983, 0.02664563, 0.06372162, 0.07783329, 0.04435095, 0.03339469, 0.00219125, 0.04645455, 0.00315540, 0.00113945, 0.00727496, 0.14444737, 0.02112367, 0.00061355, 0.05004821, 0.40292751, 0.00885266, 0.10430362, 0.03760189, 0.00000000, 0.01297221, 0.03865369, 0.03111579, 0.07888509, 0.00376895, 0.16758699, 0.00262950, 0.25339644, 0.02313963, 0.00359365, 0.07555439, 0.21623280, 0.11219213, 0.09019195, 0.17950741, 0.01148216, 0.01428697, 0.02217548, 0.50074503, 0.00210360, 0.00420720, 0.00070120, 0.00096415, 0.00105180, 0.00035060, 0.00000000, 0.00000000, 0.00096415, 0.00000000, 0.00394425, 0.00254185, 0.00000000, 0.00000000, 0.00000000, 0.00087650, 0.00000000, 0.00087650, 0.00000000, 0.00000000, 0.00000000, 0.00000000, 0.00000000, 0.00000000, 0.00192830, 0.00105180, 0.00026295, 0.00061355, 0.00000000, 0.00026295, 0.00280480, 0.00324305, 0.01279691, 0.00052590, 0.00578491, 0.02498028, 0.00227890, 0.00008765, 0.00026295, 0.00000000, 0.00000000, 0.00000000, 0.00017530
0.00000000, 0.07213603, 0.03532299, 0.07835919, 0.08624770, 0.33420983, 0.00000000, 0.09115610, 0.03356999, 0.04408800, 0.00990446, 0.00885266, 0.00026295, 0.00709966, 0.00026295, 0.00000000, 0.00070120, 0.03286879, 0.00245420, 0.00008765, 0.00289245, 0.01130686, 0.00035060, 0.00411955, 0.00701201, 0.00000000, 0.01481287, 0.01113156, 0.00245420, 0.01323517, 0.00017530, 0.06389692, 0.00096415, 0.15715663, 0.00464546, 0.00000000, 0.01130686, 0.04724340, 0.03462179, 0.01332282, 0.04145850, 0.00043825, 0.00000000, 0.00385660, 0.00797616, 0.00850206, 0.00105180, 0.00017530, 0.00061355, 0.00376895, 0.00140240, 0.00017530, 0.00000000, 0.00017530, 0.00000000, 0.00096415, 0.00017530, 0.00000000, 0.00000000, 0.00000000, 0.00026295, 0.00000000, 0.00017530, 0.00000000, 0.00000000, 0.00000000, 0.00000000, 0.00008765, 0.00000000, 0.00087650, 0.00043825, 0.00017530, 0.00026295, 0.00000000, 0.00008765, 0.00035060, 0.00166535, 0.00131475, 0.00017530, 0.00140240, 0.00306775, 0.00026295, 0.00008765, 0.00026295, 0.00000000, 0.00000000, 0.00000000, 0.00000000
0.00000000, 0.01674117, 0.00411955, 0.19344377, 0.01218336, 0.02664563, 0.09115610, 0.00000000, 0.03760189, 0.00000000, 0.01893242, 0.00219125, 0.00017530, 0.00166535, 0.01016741, 0.10237532, 0.25260759, 0.03207994, 0.02313963, 0.02217548, 0.02489263, 0.00166535, 0.08598475, 0.00043825, 0.02462968, 0.35191515, 0.00122710, 0.00096415, 0.00000000, 0.00052590, 0.00815146, 0.00438251, 0.00096415, 0.01297221, 0.07152248, 0.00000000, 0.00087650, 0.00718731, 0.05004821, 0.01831887, 0.00815146, 0.00000000, 0.03637479, 0.00008765, 0.01437462, 0.00043825, 0.00184065, 0.00008765, 0.00052590, 0.00035060, 0.00026295, 0.00000000, 0.00000000, 0.00026295, 0.00000000, 0.00017530, 0.00026295, 0.00017530, 0.00000000, 0.00000000, 0.00201595, 0.00008765, 0.00140240, 0.00087650, 0.00000000, 0.00008765, 0.00000000, 0.00017530, 0.00000000, 0.00017530, 0.00000000, 0.00000000, 0.00000000, 0.00026295, 0.00008765, 0.00000000, 0.00017530, 0.01244631, 0.00000000, 0.00000000, 0.00061355, 0.00596021, 0.00052590, 0.00035060, 0.00000000, 0.00000000, 0.00000000, 0.00052590
0.00000000, 0.00131475, 0.00000000, 0.02778508, 0.00096415, 0.06372162, 0.03356999, 0.03760189, 0.00000000, 0.00008765, 0.02278903, 0.00000000, 0.00000000, 0.00000000, 0.00008765, 0.08852660, 0.00718731, 0.00552196, 0.00254185, 0.00017530, 0.00385660, 0.00000000, 0.00122710, 0.00000000, 0.00639846, 0.00000000, 0.00008765, 0.00000000, 0.00000000, 0.00000000, 0.00035060, 0.00008765, 0.00000000, 0.00000000, 0.00149005, 0.00000000, 0.00000000, 0.00000000, 0.00359365, 0.00359365, 0.00122710, 0.00000000, 0.10141117, 0.00000000, 0.00841441, 0.00000000, 0.00035060, 0.00000000, 0.00000000, 0.00000000, 0.00000000, 0.00000000, 0.00000000, 0.00000000, 0.00000000, 0.00000000, 0.00000000, 0.00000000, 0.00000000, 0.00000000, 0.00000000, 0.00000000, 0.00000000, 0.00000000, 0.00000000, 0.00000000, 0.00000000, 0.00000000, 0.00000000, 0.00000000, 0.00000000, 0.00000000, 0.00000000, 0.00000000, 0.00000000, 0.00000000, 0.00000000, 0.00061355, 0.00000000, 0.00000000, 0.00000000, 0.00008765, 0.00000000, 0.00000000, 0.00000000, 0.00000000, 0.00000000, 0.00000000
0.00000000, 0.00043825, 0.00000000, 0.00587256, 0.04373740, 0.07783329, 0.04408800, 0.00000000, 0.00008765, 0.00000000, 0.00666141, 0.00000000, 0.00087650, 0.00008765, 0.00000000, 0.00008765, 0.00017530, 0.00017530, 0.00000000, 0.00008765, 0.00000000, 0.04364975, 0.00000000, 0.10649487, 0.00000000, 0.00000000, 0.00000000, 0.00000000, 0.00000000, 0.00061355, 0.00000000, 0.00008765, 0.00017530, 0.00008765, 0.00000000, 0.03339469, 0.00043825, 0.00140240, 0.00000000, 0.00008765, 0.00000000, 0.00026295, 0.00000000, 0.00000000, 0.00289245, 0.00000000, 0.00008765, 0.00000000, 0.00000000, 0.00000000, 0.00000000, 0.00000000, 0.00000000, 0.00000000, 0.00000000, 0.00000000, 0.00000000, 0.00000000, 0.00000000, 0.00000000, 0.00000000, 0.00000000, 0.00000000, 0.00000000, 0.00000000, 0.00000000, 0.00017530, 0.00000000, 0.00000000, 0.00000000, 0.00000000, 0.00008765, 0.00000000, 0.00000000, 0.00000000, 0.00000000, 0.00000000, 0.00000000, 0.00043825, 0.00026295, 0.00087650, 0.00000000, 0.00000000, 0.00000000, 0.00000000, 0.00000000, 0.00000000, 0.00000000
0.00000000, 0.00087650, 0.00008765, 0.01428697, 0.01446227, 0.04435095, 0.00990446, 0.01893242, 0.02278903, 0.00666141, 0.00000000, 0.00043825, 0.01674117, 0.00175300, 0.00289245, 0.02033482, 0.01788062, 0.00298010, 0.00350600, 0.01297221, 0.00368130, 0.00788851, 0.01200806, 0.04943466, 0.00306775, 0.02366553, 0.00043825, 0.00035060, 0.00008765, 0.00078885, 0.00236655, 0.00122710, 0.00341835, 0.00096415, 0.02445438, 0.02927513, 0.00289245, 0.03050224, 0.00972916, 0.00315540, 0.00017530, 0.00149005, 0.04996056, 0.00008765, 0.01086861, 0.00008765, 0.00227890, 0.00227890, 0.00096415, 0.00043825, 0.00017530, 0.00000000, 0.00008765, 0.00289245, 0.00008765, 0.01165746, 0.00201595, 0.00000000, 0.00000000, 0.00000000, 0.00026295, 0.00017530, 0.00131475, 0.00043825, 0.00131475, 0.00017530, 0.00657376, 0.00000000, 0.00000000, 0.00000000, 0.00140240, 0.00078885, 0.00043825, 0.00000000, 0.00035060, 0.00043825, 0.00043825, 0.00333070, 0.00254185, 0.00560961, 0.02489263, 0.00087650, 0.00017530, 0.00035060, 0.00236655, 0.00000000, 0.00000000, 0.00000000
0.00000000, 0.00227890, 0.00061355, 0.01332282, 0.00122710, 0.03339469, 0.00885266, 0.00219125, 0.00000000, 0.00000000, 0.00043825, 0.00000000, 0.00000000, 0.00464546, 0.00000000, 0.00000000, 0.00166535, 0.14584977, 0.02226313, 0.00000000, 0.00254185, 0.00061355, 0.00026295, 0.00000000, 0.30423350, 0.00000000, 0.00008765, 0.00885266, 0.00000000, 0.00149005, 0.00026295, 0.00666141, 0.00017530, 0.02524323, 0.00035060, 0.00000000, 0.00096415, 0.00149005, 0.00219125, 0.35428171, 0.13717241, 0.00000000, 0.00070120, 0.00587256, 0.01875712, 0.00000000, 0.00017530, 0.00000000, 0.00000000, 0.00000000, 0.00000000, 0.00000000, 0.00000000, 0.00000000, 0.00000000, 0.00000000, 0.00000000, 0.00000000, 0.00000000, 0.00000000, 0.00000000, 0.00000000, 0.00000000, 0.00000000, 0.00000000, 0.00000000, 0.00000000, 0.00000000, 0.00000000, 0.00000000, 0.00000000, 0.00000000, 0.00000000, 0.00000000, 0.00008765, 0.00000000, 0.00000000, 0.00052590, 0.00000000, 0.00000000, 0.00008765, 0.00026295, 0.00000000, 0.00000000, 0.00000000, 0.00000000, 0.00000000, 0.00000000
0.00000000, 0.00026295, 0.00000000, 0.00184065, 0.00499606, 0.00219125, 0.00026295, 0.00017530, 0.00000000, 0.00087650, 0.01674117, 0.00000000, 0.00000000, 0.00385660, 0.00000000, 0.00000000, 0.00000000, 0.00017530, 0.00000000, 0.02349023, 0.00000000, 0.00026295, 0.00000000, 0.00674906, 0.00026295, 0.00035060, 0.00280480, 0.00184065, 0.00008765, 0.00149005, 0.00000000, 0.00096415, 0.09816811, 0.00175300, 0.03453414, 0.08449470, 0.00596021, 0.17459900, 0.00113945, 0.00017530, 0.00026295, 0.00061355, 0.00000000, 0.00000000, 0.00061355, 0.00000000, 0.00184065, 0.00035060, 0.00166535, 0.00008765, 0.00000000, 0.00000000, 0.00000000, 0.00017530, 0.00000000, 0.01095626, 0.00306775, 0.00000000, 0.00000000, 0.00000000, 0.00000000, 0.00000000, 0.00008765, 0.00000000, 0.00008765, 0.00000000, 0.00000000, 0.00000000, 0.00000000, 0.00000000, 0.00140240, 0.00035060, 0.00000000, 0.00000000, 0.00000000, 0.00052590, 0.00052590, 0.00008765, 0.00026295, 0.00280480, 0.02164957, 0.00008765, 0.00000000, 0.00000000, 0.00008765, 0.00000000, 0.00000000, 0.00000000
0.00000000, 0.00315540, 0.00070120, 0.09045490, 0.01910772, 0.04645455, 0.00709966, 0.00166535, 0.00000000, 0.00008765, 0.00175300, 0.00464546, 0.00385660, 0.00000000, 0.00000000, 0.00000000, 0.00008765, 0.00964151, 0.00210360, 0.00000000, 0.00035060, 0.00008765, 0.00000000, 0.00000000, 0.00376895, 0.00000000, 0.00008765, 0.19747568, 0.00061355, 0.00683671, 0.00000000, 0.03286879, 0.00219125, 0.66868262, 0.00017530, 0.00000000, 0.23761942, 0.35182750, 0.01700412, 0.00245420, 0.03541064, 0.00000000, 0.00000000, 0.00035060, 0.00955386, 0.00017530, 0.00876501, 0.00254185, 0.00499606, 0.00122710, 0.00017530, 0.00000000, 0.00000000, 0.00043825, 0.00000000, 0.00709966, 0.01525112, 0.00000000, 0.00000000, 0.00000000, 0.00000000, 0.00000000, 0.00035060, 0.00000000, 0.00008765, 0.00000000, 0.00000000, 0.00000000, 0.00000000, 0.00078885, 0.00455781, 0.00008765, 0.00035060, 0.00000000, 0.00131475, 0.00271715, 0.00920326, 0.00113945, 0.00000000, 0.00376895, 0.07511614, 0.00043825, 0.00000000, 0.00078885, 0.00000000, 0.00000000, 0.00000000, 0.00008765
0.00000000, 0.00026295, 0.00000000, 0.00184065, 0.00008765, 0.00315540, 0.00026295, 0.01016741, 0.00008765, 0.00000000, 0.00289245, 0.00000000, 0.00000000, 0.00000000, 0.00000000, 0.00000000, 0.00078885, 0.00087650, 0.00096415, 0.01139451, 0.12384959, 0.00000000, 0.07976159, 0.00000000, 0.00175300, 0.00350600, 0.00000000, 0.00000000, 0.00000000, 0.00000000, 0.54763783, 0.00008765, 0.00017530, 0.00000000, 0.07686914, 0.00000000, 0.00000000, 0.00000000, 0.41598738, 0.00113945, 0.00000000, 0.00000000, 0.00043825, 0.00035060, 0.00096415, 0.00000000, 0.00026295, 0.00000000, 0.00000000, 0.00000000, 0.00008765, 0.00000000, 0.00000000, 0.00008765, 0.00000000, 0.00000000, 0.00000000, 0.01007976, 0.00000000, 0.00017530, 0.00166535, 0.00008765, 0.00473311, 0.00096415, 0.00000000, 0.02690858, 0.00000000, 0.00008765, 0.00000000, 0.00000000, 0.00000000, 0.00000000, 0.00000000, 0.01525112, 0.00000000, 0.00008765, 0.00000000, 0.01130686, 0.00000000, 0.00000000, 0.00000000, 0.00543431, 0.00008765, 0.00000000, 0.00000000, 0.00000000, 0.00000000, 0.00000000
0.00000000, 0.00008765, 0.00000000, 0.00087650, 0.00000000, 0.00113945, 0.00000000, 0.10237532, 0.08852660, 0.00008765, 0.02033482, 0.00000000, 0.00000000, 0.00000000, 0.00000000, 0.00000000, 0.10053467, 0.00000000, 0.00035060, 0.00043825, 0.00000000, 0.00000000, 0.00035060, 0.00000000, 0.00043825, 0.04899641, 0.00000000, 0.00000000, 0.00000000, 0.00000000, 0.00000000, 0.00000000, 0.00000000, 0.00000000, 0.00052590, 0.00000000, 0.00000000, 0.00000000, 0.00008765, 0.00008765, 0.00000000, 0.00000000, 0.07555439, 0.00000000, 0.00122710, 0.00000000, 0.00000000, 0.00000000, 0.00000000, 0.00000000, 0.00000000, 0.00000000, 0.00000000, 0.00000000, 0.00000000, 0.00000000, 0.00000000, 0.00000000, 0.00000000, 0.00000000, 0.00000000, 0.00000000, 0.00000000, 0.00000000, 0.00000000, 0.00000000, 0.00000000, 0.00000000, 0.00000000, 0.00000000, 0.00000000, 0.00000000, 0.00000000, 0.00000000, 0.00000000, 0.00000000, 0.00000000, 0.00000000, 0.00000000, 0.00000000, 0.00000000, 0.00008765, 0.00000000, 0.00000000, 0.00000000, 0.00000000, 0.00000000, 0.00000000
0.00000000, 0.00061355, 0.00000000, 0.00552196, 0.00000000, 0.00727496, 0.00070120, 0.25260759, 0.00718731, 0.00017530, 0.01788062, 0.00166535, 0.00000000, 0.00008765, 0.00078885, 0.10053467, 0.00000000, 0.04461390, 0.50854588, 0.00043825, 0.48409151, 0.00113945, 0.25006574, 0.00000000, 0.09238321, 0.09229556, 0.00000000, 0.00017530, 0.00000000, 0.00000000, 0.01086861, 0.00043825, 0.00000000, 0.00122710, 0.00166535, 0.00000000, 0.00000000, 0.00000000, 0.03085284, 0.01446227, 0.00184065, 0.00000000, 0.12542729, 0.00096415, 0.00823911, 0.00000000, 0.00008765, 0.00000000, 0.00000000, 0.00000000, 0.00008765, 0.00000000, 0.00000000, 0.00000000, 0.00000000, 0.00000000, 0.00000000, 0.00000000, 0.00000000, 0.00000000, 0.00000000, 0.00000000, 0.00026295, 0.00000000, 0.00000000, 0.00000000, 0.00000000, 0.00000000, 0.00000000, 0.00000000, 0.00000000, 0.00000000, 0.00000000, 0.00000000, 0.00000000, 0.00000000, 0.00000000, 0.00149005, 0.00000000, 0.00000000, 0.00000000, 0.00017530, 0.00000000, 0.00000000, 0.00000000, 0.00000000, 0.00000000, 0.00000000
0.00000000, 0.03120344, 0.00429485, 0.14137961, 0.01025506, 0.14444737, 0.03286879, 0.03207994, 0.00552196, 0.00017530, 0.00298010, 0.14584977, 0.00017530, 0.00964151, 0.00087650, 0.00000000, 0.04461390, 0.00000000, 0.12770620, 0.00604786, 0.33105443, 0.00175300, 0.00227890, 0.00008765, 0.21570690, 0.00087650, 0.00315540, 0.00464546, 0.00000000, 0.00043825, 0.00140240, 0.04137085, 0.00201595, 0.04689280, 0.01735472, 0.00000000, 0.00096415, 0.00394425, 0.61135945, 0.06451047, 0.41826628, 0.00000000, 0.00666141, 0.01454992, 0.04987291, 0.00008765, 0.00447016, 0.00008765, 0.00175300, 0.00078885, 0.00113945, 0.00000000, 0.00000000, 0.00192830, 0.00078885, 0.00000000, 0.00000000, 0.00113945, 0.00000000, 0.00008765, 0.01595232, 0.00035060, 0.01007976, 0.00333070, 0.00000000, 0.00008765, 0.00000000, 0.00122710, 0.00000000, 0.00157770, 0.00000000, 0.00000000, 0.00000000, 0.00052590, 0.00061355, 0.00105180, 0.00026295, 0.09694101, 0.00000000, 0.00000000, 0.00070120, 0.03725129, 0.00113945, 0.00140240, 0.00000000, 0.00000000, 0.00043825, 0.00157770
0.00000000, 0.00315540, 0.00000000, 0.01490052, 0.00052590, 0.02112367, 0.00245420, 0.02313963, 0.00254185, 0.00000000, 0.00350600, 0.02226313, 0.00000000, 0.00210360, 0.00096415, 0.00035060, 0.50854588, 0.12770620, 0.00000000, 0.00017530, 0.16942764, 0.00131475, 0.02682093, 0.00008765, 0.47716715, 0.00026295, 0.00000000, 0.00368130, 0.00000000, 0.00017530, 0.00867736, 0.00429485, 0.00008765, 0.01393637, 0.00236655, 0.00000000, 0.00061355, 0.00035060, 0.00885266, 0.03076519, 0.02988868, 0.00000000, 0.05039881, 0.00306775, 0.01726707, 0.00000000, 0.00017530, 0.00000000, 0.00000000, 0.00000000, 0.00000000, 0.00000000, 0.00000000, 0.00000000, 0.00000000, 0.00000000, 0.00000000, 0.00000000, 0.00000000, 0.00000000, 0.00000000, 0.00000000, 0.00017530, 0.00000000, 0.00000000, 0.00008765, 0.00000000, 0.00000000, 0.00000000, 0.00000000, 0.00000000, 0.00000000, 0.00000000, 0.00000000, 0.00000000, 0.00000000, 0.00000000, 0.00113945, 0.00000000, 0.00000000, 0.00017530, 0.00017530, 0.00000000, 0.00008765, 0.00000000, 0.00000000, 0.00000000, 0.00000000
0.00000000, 0.00026295, 0.00000000, 0.00140240, 0.00061355, 0.00061355, 0.00008765, 0.02217548, 0.00017530, 0.00008765, 0.01297221, 0.00000000, 0.02349023, 0.00000000, 0.01139451, 0.00043825, 0.00043825, 0.00604786, 0.00017530, 0.00000000, 0.00709966, 0.00000000, 0.02051012, 0.00043825, 0.00035060, 0.02094837, 0.00017530, 0.00017530, 0.00000000, 0.00008765, 0.00254185, 0.00017530, 0.16188974, 0.00017530, 0.50609168, 0.00394425, 0.00087650, 0.02541853, 0.03777719, 0.00052590, 0.00008765, 0.00008765, 0.00008765, 0.00000000, 0.00052590, 0.00000000, 0.00289245, 0.00026295, 0.00236655, 0.00087650, 0.00105180, 0.00008765, 0.00000000, 0.00280480, 0.00070120, 0.00017530, 0.00017530, 0.00210360, 0.00000000, 0.00008765, 0.00438251, 0.00087650, 0.01656587, 0.00403190, 0.00000000, 0.00078885, 0.00000000, 0.00113945, 0.00008765, 0.00026295, 0.00017530, 0.00000000, 0.00000000, 0.00096415, 0.00043825, 0.00070120, 0.00017530, 0.02997633, 0.00000000, 0.00026295, 0.00061355, 0.01349812, 0.00298010, 0.00052590, 0.00000000, 0.00008765, 0.00017530, 0.00157770
0.00000000, 0.00727496, 0.00035060, 0.03602419, 0.00070120, 0.05004821, 0.00289245, 0.02489263, 0.00385660, 0.00000000, 0.00368130, 0.00254185, 0.00000000, 0.00035060, 0.12384959, 0.00000000, 0.48409151, 0.33105443, 0.16942764, 0.00709966, 0.00000000, 0.00227890, 0.39381190, 0.00008765, 0.13901306, 0.00298010, 0.00043825, 0.00017530, 0.00000000, 0.00008765, 0.29888684, 0.00210360, 0.00017530, 0.00315540, 0.01007976, 0.00000000, 0.00000000, 0.00017530, 0.29555614, 0.04321150, 0.00289245, 0.00000000, 0.00920326, 0.00368130, 0.04031905, 0.00000000, 0.00122710, 0.00000000, 0.00000000, 0.00000000, 0.00008765, 0.00000000, 0.00000000, 0.00008765, 0.00000000, 0.00000000, 0.00000000, 0.00000000, 0.00000000, 0.00000000, 0.00157770, 0.00000000, 0.00771321, 0.00061355, 0.00000000, 0.00087650, 0.00000000, 0.00008765, 0.00000000, 0.00000000, 0.00000000, 0.00000000, 0.00000000, 0.00017530, 0.00008765, 0.00043825, 0.00000000, 0.02270138, 0.00000000, 0.00000000, 0.00000000, 0.00525901, 0.00000000, 0.00000000, 0.00000000, 0.00000000, 0.00000000, 0.00000000
0.00000000, 0.00008765, 0.00000000, 0.00411955, 0.07792094, 0.40292751, 0.01130686, 0.00166535, 0.00000000, 0.04364975, 0.00788851, 0.00061355, 0.00026295, 0.00008765, 0.00000000, 0.00000000, 0.00113945, 0.00175300, 0.00131475, 0.00000000, 0.00227890, 0.00000000, 0.00113945, 0.16618459, 0.00157770, 0.00000000, 0.00000000, 0.00411955, 0.23253572, 0.09080550, 0.00070120, 0.00026295, 0.00017530, 0.00087650, 0.00026295, 0.00070120, 0.09659041, 0.01428697, 0.00113945, 0.00666141, 0.00131475, 0.01560172, 0.00262950, 0.00008765, 0.26347620, 0.00000000, 0.00008765, 0.00052590, 0.00017530, 0.00000000, 0.00000000, 0.00000000, 0.00000000, 0.00078885, 0.00000000, 0.00000000, 0.00008765, 0.00000000, 0.00000000, 0.00000000, 0.00000000, 0.00000000, 0.00000000, 0.00000000, 0.00061355, 0.00000000, 0.00227890, 0.00000000, 0.00000000, 0.00000000, 0.00000000, 0.00070120, 0.00000000, 0.00000000, 0.00000000, 0.00008765, 0.00000000, 0.00000000, 0.00035060, 0.00447016, 0.01078096, 0.00000000, 0.00000000, 0.00000000, 0.00113945, 0.00000000, 0.00000000, 0.00000000
0.00000000, 0.00052590, 0.00000000, 0.00376895, 0.00008765, 0.00885266, 0.00035060, 0.08598475, 0.00122710, 0.00000000, 0.01200806, 0.00026295, 0.00000000, 0.00000000, 0.07976159, 0.00035060, 0.25006574, 0.00227890, 0.02682093, 0.02051012, 0.39381190, 0.00113945, 0.00000000, 0.00000000, 0.02909983, 0.09799281, 0.00000000, 0.00000000, 0.00000000, 0.00000000, 0.54833903, 0.00000000, 0.00008765, 0.00000000, 0.04251030, 0.00000000, 0.00000000, 0.00000000, 0.04049435, 0.01525112, 0.00026295, 0.00000000, 0.00525901, 0.00017530, 0.01481287, 0.00000000, 0.00000000, 0.00000000, 0.00000000, 0.00000000, 0.00000000, 0.00000000, 0.00000000, 0.00008765, 0.00000000, 0.00000000, 0.00000000, 0.00017530, 0.00000000, 0.00000000, 0.00000000, 0.00000000, 0.00087650, 0.00008765, 0.00000000, 0.00657376, 0.00000000, 0.00000000, 0.00000000, 0.00000000, 0.00000000, 0.00000000, 0.00000000, 0.00026295, 0.00000000, 0.00000000, 0.00000000, 0.00131475, 0.00000000, 0.00000000, 0.00000000, 0.00035060, 0.00000000, 0.00000000, 0.00000000, 0.00000000, 0.00000000, 0.00000000
0.00000000, 0.00000000, 0.00000000, 0.00035060, 0.17959506, 0.10430362, 0.00411955, 0.00043825, 0.00000000, 0.10649487, 0.04943466, 0.00000000, 0.00674906, 0.00000000, 0.00000000, 0.00000000, 0.00000000, 0.00008765, 0.00008765, 0.00043825, 0.00008765, 0.16618459, 0.00000000, 0.00000000, 0.00017530, 0.00000000, 0.00000000, 0.00000000, 0.00078885, 0.00000000, 0.00000000, 0.00000000, 0.00149005, 0.00000000, 0.00087650, 0.13059865, 0.00376895, 0.12122009, 0.00008765, 0.00017530, 0.00000000, 0.02988868, 0.00035060, 0.00000000, 0.01086861, 0.00000000, 0.00043825, 0.00394425, 0.00113945, 0.00026295, 0.00000000, 0.00000000, 0.00017530, 0.00455781, 0.00000000, 0.00140240, 0.00000000, 0.00000000, 0.00000000, 0.00000000, 0.00000000, 0.00000000, 0.00000000, 0.00000000, 0.00227890, 0.00000000, 0.01384872, 0.00000000, 0.00000000, 0.00000000, 0.00008765, 0.00385660, 0.00061355, 0.00000000, 0.00000000, 0.00000000, 0.00000000, 0.00000000, 0.00929091, 0.02506793, 0.04592865, 0.00000000, 0.00000000, 0.00000000, 0.00815146, 0.00000000, 0.00000000, 0.00035060
0.00000000, 0.00306775, 0.00061355, 0.02690858, 0.00184065, 0.03760189, 0.00701201, 0.02462968, 0.00639846, 0.00000000, 0.00306775, 0.30423350, 0.00026295, 0.00376895, 0.00175300, 0.00043825, 0.09238321, 0.21570690, 0.47716715, 0.00035060, 0.13901306, 0.00157770, 0.02909983, 0.00017530, 0.00000000, 0.00008765, 0.00008765, 0.00727496, 0.00000000, 0.00105180, 0.00867736, 0.00753791, 0.00000000, 0.02226313, 0.00718731, 0.00000000, 0.00052590, 0.00149005, 0.01612762, 0.25988255, 0.06906828, 0.00000000, 0.06012797, 0.00341835, 0.02664563, 0.00000000, 0.00008765, 0.00000000, 0.00000000, 0.00008765, 0.00000000, 0.00000000, 0.00000000, 0.00017530, 0.00000000, 0.00000000, 0.00000000, 0.00000000, 0.00000000, 0.00000000, 0.00017530, 0.00000000, 0.00035060, 0.00000000, 0.00000000, 0.00008765, 0.00000000, 0.00000000, 0.00000000, 0.00008765, 0.00000000, 0.00000000, 0.00000000, 0.00000000, 0.00000000, 0.00008765, 0.00000000, 0.00175300, 0.00000000, 0.00000000, 0.00000000, 0.00043825, 0.00000000, 0.00008765, 0.00000000, 0.00000000, 0.00000000, 0.00000000
0.00000000, 0.00000000, 0.00000000, 0.00000000, 0.00000000, 0.00000000, 0.00000000, 0.35191515, 0.00000000, 0.00000000, 0.02366553, 0.00000000, 0.00035060, 0.00000000, 0.00350600, 0.04899641, 0.09229556, 0.00087650, 0.00026295, 0.02094837, 0.00298010, 0.00000000, 0.09799281, 0.00000000, 0.00008765, 0.00000000, 0.00000000, 0.00000000, 0.00000000, 0.00000000, 0.00236655, 0.00000000, 0.00105180, 0.00000000, 0.03926725, 0.00017530, 0.00000000, 0.00008765, 0.00622316, 0.00000000, 0.00000000, 0.00000000, 0.00149005, 0.00000000, 0.00000000, 0.00000000, 0.00008765, 0.00000000, 0.00008765, 0.00000000, 0.00000000, 0.00000000, 0.00000000, 0.00008765, 0.00008765, 0.00000000, 0.00000000, 0.00000000, 0.00000000, 0.00000000, 0.00000000, 0.00000000, 0.00043825, 0.00000000, 0.00000000, 0.00000000, 0.00000000, 0.00000000, 0.00000000, 0.00000000, 0.00000000, 0.00000000, 0.00000000, 0.00000000, 0.00000000, 0.00008765, 0.00000000, 0.00078885, 0.00000000, 0.00000000, 0.00000000, 0.00043825, 0.00017530, 0.00000000, 0.00000000, 0.00000000, 0.00000000, 0.00000000
0.00000000, 0.00508371, 0.00122710, 0.06310807, 0.01183276, 0.01297221, 0.01481287, 0.00122710, 0.00008765, 0.00000000, 0.00043825, 0.00008765, 0.00280480, 0.00008765, 0.00000000, 0.00000000, 0.00000000, 0.00315540, 0.00000000, 0.00017530, 0.00043825, 0.00000000, 0.00000000, 0.00000000, 0.00008765, 0.00000000, 0.00000000, 0.00070120, 0.00000000, 0.00000000, 0.00000000, 0.10141117, 0.12490139, 0.23735647, 0.15338768, 0.00026295, 0.00043825, 0.16250329, 0.05627136, 0.00000000, 0.00035060, 0.00000000, 0.00000000, 0.00000000, 0.00070120, 0.00043825, 0.00666141, 0.00105180, 0.00149005, 0.00105180, 0.00008765, 0.00000000, 0.00000000, 0.00035060, 0.00043825, 0.00052590, 0.00105180, 0.00000000, 0.00000000, 0.00000000, 0.00131475, 0.00008765, 0.00140240, 0.00008765, 0.00000000, 0.00000000, 0.00000000, 0.00026295, 0.00000000, 0.06836708, 0.00017530, 0.00000000, 0.00000000, 0.00000000, 0.01200806, 0.01490052, 0.04277325, 0.01998422, 0.00000000, 0.00017530, 0.02462968, 0.01209571, 0.00096415, 0.00131475, 0.00000000, 0.00000000, 0.00000000, 0.00026295
0.00000000, 0.00166535, 0.00043825, 0.03470944, 0.01279691, 0.03865369, 0.01113156, 0.00096415, 0.00000000, 0.00000000, 0.00035060, 0.00885266, 0.00184065, 0.19747568, 0.00000000, 0.00000000, 0.00017530, 0.00464546, 0.00368130, 0.00017530, 0.00017530, 0.00411955, 0.00000000, 0.00000000, 0.00727496, 0.00000000, 0.00070120, 0.00000000, 0.00376895, 0.23051977, 0.00000000, 0.03137874, 0.00087650, 0.20659129, 0.00105180, 0.00000000, 0.13051100, 0.12542729, 0.00411955, 0.01332282, 0.11271803, 0.00008765, 0.00000000, 0.00078885, 0.12130774, 0.00000000, 0.00394425, 0.00157770, 0.00298010, 0.00026295, 0.00000000, 0.00000000, 0.00000000, 0.00122710, 0.00000000, 0.00560961, 0.00674906, 0.00000000, 0.00000000, 0.00000000, 0.00008765, 0.00000000, 0.00000000, 0.00000000, 0.00008765, 0.00000000, 0.00000000, 0.00000000, 0.00000000, 0.00017530, 0.00464546, 0.00026295, 0.00087650, 0.00000000, 0.00017530, 0.00043825, 0.00184065, 0.00008765, 0.00000000, 0.01156981, 0.03418354, 0.00000000, 0.00000000, 0.00017530, 0.00000000, 0.00000000, 0.00000000, 0.00000000
0.00000000, 0.00000000, 0.00000000, 0.00210360, 0.01174511, 0.03111579, 0.00245420, 0.00000000, 0.00000000, 0.00000000, 0.00008765, 0.00000000, 0.00008765, 0.00061355, 0.00000000, 0.00000000, 0.00000000, 0.00000000, 0.00000000, 0.00000000, 0.00000000, 0.23253572, 0.00000000, 0.00078885, 0.00000000, 0.00000000, 0.00000000, 0.00376895, 0.00000000, 0.07152248, 0.00000000, 0.00008765, 0.00000000, 0.00070120, 0.00000000, 0.00017530, 0.10500482, 0.01051801, 0.00000000, 0.00026295, 0.00026295, 0.00385660, 0.00008765, 0.00000000, 0.00613551, 0.00000000, 0.00087650, 0.00096415, 0.00070120, 0.00017530, 0.00000000, 0.00000000, 0.00000000, 0.00008765, 0.00000000, 0.00043825, 0.00017530, 0.00000000, 0.00000000, 0.00000000, 0.00000000, 0.00000000, 0.00000000, 0.00000000, 0.00000000, 0.00000000, 0.00017530, 0.00000000, 0.00000000, 0.00000000, 0.00052590, 0.00061355, 0.00070120, 0.00000000, 0.00000000, 0.00000000, 0.00000000, 0.00000000, 0.00061355, 0.00736261, 0.00972916, 0.00000000, 0.00000000, 0.00000000, 0.00035060, 0.00000000, 0.00000000, 0.00000000
0.00000000, 0.00131475, 0.00017530, 0.02427908, 0.03120344, 0.07888509, 0.01323517, 0.00052590, 0.00000000, 0.00061355, 0.00078885, 0.00149005, 0.00149005, 0.00683671, 0.00000000, 0.00000000, 0.00000000, 0.00043825, 0.00017530, 0.00008765, 0.00008765, 0.09080550, 0.00000000, 0.00000000, 0.00105180, 0.00000000, 0.00000000, 0.23051977, 0.07152248, 0.00000000, 0.00000000, 0.00324305, 0.00026295, 0.00639846, 0.00008765, 0.00017530, 0.13708476, 0.04066965, 0.00052590, 0.00052590, 0.00771321, 0.00070120, 0.00000000, 0.00035060, 0.07783329, 0.00000000, 0.00149005, 0.00122710, 0.00122710, 0.00052590, 0.00008765, 0.00000000, 0.00000000, 0.00026295, 0.00000000, 0.00245420, 0.00087650, 0.00000000, 0.00000000, 0.00000000, 0.00000000, 0.00000000, 0.00000000, 0.00000000, 0.00000000, 0.00000000, 0.00008765, 0.00000000, 0.00000000, 0.00008765, 0.00140240, 0.00052590, 0.00236655, 0.00000000, 0.00000000, 0.00000000, 0.00008765, 0.00000000, 0.00061355, 0.01682882, 0.01919537, 0.00000000, 0.00000000, 0.00008765, 0.00043825, 0.00000000, 0.00000000, 0.00008765
0.00000000, 0.00096415, 0.00000000, 0.00262950, 0.00008765, 0.00376895, 0.00017530, 0.00815146, 0.00035060, 0.00000000, 0.00236655, 0.00026295, 0.00000000, 0.00000000, 0.54763783, 0.00000000, 0.01086861, 0.00140240, 0.00867736, 0.00254185, 0.29888684, 0.00070120, 0.54833903, 0.00000000, 0.00867736, 0.00236655, 0.00000000, 0.00000000, 0.00000000, 0.00000000, 0.00000000, 0.00008765, 0.00000000, 0.00000000, 0.02471733, 0.00000000, 0.00000000, 0.00000000, 0.13866246, 0.00490841, 0.00000000, 0.00000000, 0.00149005, 0.00035060, 0.00604786, 0.00000000, 0.00026295, 0.00000000, 0.00000000, 0.00000000, 0.00008765, 0.00000000, 0.00000000, 0.00000000, 0.00000000, 0.00000000, 0.00000000, 0.00017530, 0.00000000, 0.00000000, 0.00026295, 0.00000000, 0.00166535, 0.00026295, 0.00000000, 0.00762556, 0.00000000, 0.00000000, 0.00000000, 0.00000000, 0.00000000, 0.00000000, 0.00000000, 0.00000000, 0.00000000, 0.00000000, 0.00000000, 0.00236655, 0.00000000, 0.00000000, 0.00000000, 0.00131475, 0.00000000, 0.00000000, 0.00000000, 0.00000000, 0.00000000, 0.00000000
0.00000000, 0.02331493, 0.00631081, 0.13445525, 0.01104391, 0.16758699, 0.06389692, 0.00438251, 0.00008765, 0.00008765, 0.00122710, 0.00666141, 0.00096415, 0.03286879, 0.00008765, 0.00000000, 0.00043825, 0.04137085, 0.00429485, 0.00017530, 0.00210360, 0.00026295, 0.00000000, 0.00000000, 0.00753791, 0.00000000, 0.10141117, 0.03137874, 0.00008765, 0.00324305, 0.00008765, 0.00000000, 0.00780086, 1.00000000, 0.02147427, 0.00026295, 0.00622316, 0.03067754, 0.38732580, 0.00587256, 0.64641949, 0.00000000, 0.00008765, 0.00201595, 0.10325182, 0.00052590, 0.00385660, 0.00078885, 0.00105180, 0.00105180, 0.00017530, 0.00000000, 0.00000000, 0.00035060, 0.00052590, 0.00026295, 0.00052590, 0.00000000, 0.00000000, 0.00000000, 0.00289245, 0.00008765, 0.00140240, 0.00000000, 0.00000000, 0.00000000, 0.00000000, 0.00035060, 0.00000000, 0.01586467, 0.00008765, 0.00000000, 0.00000000, 0.00000000, 0.00376895, 0.00631081, 0.00490841, 0.02515558, 0.00000000, 0.00008765, 0.00718731, 0.01007976, 0.00140240, 0.00070120, 0.00000000, 0.00000000, 0.00026295, 0.00070120
0.00000000, 0.00026295, 0.00000000, 0.00280480, 0.00166535, 0.00262950, 0.00096415, 0.00096415, 0.00000000, 0.00017530, 0.00341835, 0.00017530, 0.09816811, 0.00219125, 0.00017530, 0.00000000, 0.00000000, 0.00201595, 0.00008765, 0.16188974, 0.00017530, 0.00017530, 0.00008765, 0.00149005, 0.00000000, 0.00105180, 0.12490139, 0.00087650, 0.00000000, 0.00026295, 0.00000000, 0.00780086, 0.00000000, 0.03015163, 0.31694276, 0.01367342, 0.00254185, 0.20676659, 0.01113156, 0.00000000, 0.00026295, 0.00000000, 0.00000000, 0.00000000, 0.00017530, 0.00008765, 0.00245420, 0.00035060, 0.00087650, 0.00061355, 0.00000000, 0.00000000, 0.00000000, 0.00149005, 0.00008765, 0.00254185, 0.00254185, 0.00000000, 0.00000000, 0.00008765, 0.00087650, 0.00008765, 0.00070120, 0.00008765, 0.00000000, 0.00008765, 0.00000000, 0.00000000, 0.00000000, 0.01349812, 0.00052590, 0.00000000, 0.00000000, 0.00000000, 0.00447016, 0.01279691, 0.01323517, 0.00885266, 0.00008765, 0.00105180, 0.01937067, 0.00482076, 0.00017530, 0.00052590, 0.00000000, 0.00000000, 0.00000000, 0.00017530
0.00000000, 0.04811991, 0.01314752, 0.39661671, 0.05250241, 0.25339644, 0.15715663, 0.01297221, 0.00000000, 0.00008765, 0.00096415, 0.02524323, 0.00175300, 0.66868262, 0.00000000, 0.00000000, 0.00122710, 0.04689280, 0.01393637, 0.00017530, 0.00315540, 0.00087650, 0.00000000, 0.00000000, 0.02226313, 0.00000000, 0.23735647, 0.20659129, 0.00070120, 0.00639846, 0.00000000, 1.00000000, 0.03015163, 0.00000000, 0.02682093, 0.00008765, 0.05662197, 0.30397055, 0.13305285, 0.02410378, 0.36392322, 0.00000000, 0.00017530, 0.00166535, 0.17381015, 0.00140240, 0.00771321, 0.00122710, 0.00271715, 0.00289245, 0.00105180, 0.00000000, 0.00000000, 0.00280480, 0.00026295, 0.00368130, 0.00657376, 0.00000000, 0.00000000, 0.00000000, 0.00096415, 0.00000000, 0.00262950, 0.00000000, 0.00008765, 0.00000000, 0.00000000, 0.00008765, 0.00000000, 0.10780962, 0.00035060, 0.00000000, 0.00008765, 0.00000000, 0.00981681, 0.02936278, 0.06635113, 0.02156192, 0.00000000, 0.00113945, 0.10009642, 0.00858971, 0.00026295, 0.00078885, 0.00000000, 0.00000000, 0.00017530, 0.00000000
0.00000000, 0.00692436, 0.00052590, 0.04119555, 0.00298010, 0.02313963, 0.00464546, 0.07152248, 0.00149005, 0.00000000, 0.02445438, 0.00035060, 0.03453414, 0.00017530, 0.07686914, 0.00052590, 0.00166535, 0.01735472, 0.00236655, 0.50609168, 0.01007976, 0.00026295, 0.04251030, 0.00087650, 0.00718731, 0.03926725, 0.15338768, 0.00105180, 0.00000000, 0.00008765, 0.02471733, 0.02147427, 0.31694276, 0.02682093, 0.00000000, 0.00622316, 0.00157770, 0.09361031, 0.35866421, 0.01043036, 0.00078885, 0.00000000, 0.00245420, 0.00087650, 0.01148216, 0.00026295, 0.03278114, 0.00096415, 0.02489263, 0.00727496, 0.01043036, 0.00035060, 0.00000000, 0.00832676, 0.00350600, 0.00043825, 0.00087650, 0.01218336, 0.00000000, 0.00043825, 0.06021562, 0.00271715, 0.04505215, 0.03400824, 0.00000000, 0.00175300, 0.00000000, 0.00946621, 0.00061355, 0.01586467, 0.00017530, 0.00000000, 0.00000000, 0.00508371, 0.01612762, 0.00937856, 0.00885266, 0.30546060, 0.00000000, 0.00000000, 0.00569726, 0.18599351, 0.02007187, 0.00648611, 0.00000000, 0.00000000, 0.00105180, 0.01288456
0.00000000, 0.00017530, 0.00000000, 0.00000000, 0.07257428, 0.00359365, 0.00000000, 0.00000000, 0.00000000, 0.03339469, 0.02927513, 0.00000000, 0.08449470, 0.00000000, 0.00000000, 0.00000000, 0.00000000, 0.00000000, 0.00000000, 0.00394425, 0.00000000, 0.00070120, 0.00000000, 0.13059865, 0.00000000, 0.00017530, 0.00026295, 0.00000000, 0.00017530, 0.00017530, 0.00000000, 0.00026295, 0.01367342, 0.00008765, 0.00622316, 0.00000000, 0.00070120, 0.12709265, 0.00043825, 0.00000000, 0.00000000, 0.00061355, 0.00000000, 0.00000000, 0.00008765, 0.00000000, 0.00149005, 0.00157770, 0.00289245, 0.00043825, 0.00000000, 0.00000000, 0.00000000, 0.00131475, 0.00000000, 0.00613551, 0.00061355, 0.00000000, 0.00000000, 0.00000000, 0.00000000, 0.00000000, 0.00000000, 0.00000000, 0.00035060, 0.00000000, 0.00192830, 0.00000000, 0.00000000, 0.00000000, 0.00052590, 0.00105180, 0.00113945, 0.00000000, 0.00008765, 0.00000000, 0.00008765, 0.00000000, 0.00788851, 0.01884477, 0.02112367, 0.00000000, 0.00000000, 0.00000000, 0.00254185, 0.00000000, 0.00000000, 0.00008765
0.00000000, 0.00262950, 0.00008765, 0.04741870, 0.04794461, 0.07555439, 0.01130686, 0.00087650, 0.00000000, 0.00043825, 0.00289245, 0.00096415, 0.00596021, 0.23761942, 0.00000000, 0.00000000, 0.00000000, 0.00096415, 0.00061355, 0.00087650, 0.00000000, 0.09659041, 0.00000000, 0.00376895, 0.00052590, 0.00000000, 0.00043825, 0.13051100, 0.10500482, 0.13708476, 0.00000000, 0.00622316, 0.00254185, 0.05662197, 0.00157770, 0.00070120, 0.00000000, 0.57787711, 0.00236655, 0.00105180, 0.01025506, 0.03058989, 0.00008765, 0.00000000, 0.02243843, 0.00000000, 0.01419932, 0.00850206, 0.01270926, 0.00306775, 0.00000000, 0.00000000, 0.00000000, 0.00376895, 0.00000000, 0.01937067, 0.01305987, 0.00000000, 0.00000000, 0.00000000, 0.00000000, 0.00000000, 0.00000000, 0.00000000, 0.00078885, 0.00000000, 0.00210360, 0.00000000, 0.00000000, 0.00017530, 0.01437462, 0.00359365, 0.01218336, 0.00000000, 0.00052590, 0.00035060, 0.00192830, 0.00017530, 0.00473311, 0.08449470, 0.13506881, 0.00000000, 0.00000000, 0.00096415, 0.00219125, 0.00000000, 0.00000000, 0.00122710
